4000
94 141 215 0
147 187 246 0
135 135 189 0
? 144 203 0
200 211 255 0
152 182 231 0
60 122 193 0
48 87 131 0
57 109 155 0
115 151 221 0
63 102 154 0
170 182 230 0
43 94 156 0
108 114 167 0
40 97 149 0
169 183 236 0
64 134 201 0
120 160 212 0
158 177 220 0
56 104 170 0
174 185 243 0
133 174 223 0
134 162 227 0
180 193 237 0
143 180 238 0
108 139 214 0
141 181 246 0
125 157 223 0
125 155 212 0
168 170 234 0
126 172 220 0
130 169 221 0
91 138 220 0
152 165 227 0
150 188 252 0
150 188 253 0
44 101 157 0
44 98 158 0
38 83 144 0
113 150 212 0
198 209 253 0
73 83 123 0
111 154 217 0
118 120 174 0
139 179 244 0
65 124 193 0
132 177 244 0
158 195 255 0
175 190 239 0
151 189 253 0
99 150 223 0
143 181 246 0
45 100 157 0
128 134 187 0
93 148 223 0
46 86 128 0
146 187 250 0
147 167 232 0
125 163 217 0
161 178 221 0
174 188 ? 0
? 191 255 0
50 70 128 0
44 96 149 0
76 83 126 0
46 97 159 0
67 103 179 0
97 150 223 0
123 161 215 0
131 156 212 0
64 123 195 0
170 184 237 0
76 82 127 0
121 168 224 0
131 152 184 0
81 87 128 0
? 188 255 0
69 126 187 0
157 164 227 0
121 154 217 0
58 77 144 0
99 118 153 0
163 177 226 0
62 121 177 0
93 139 ? 0
153 191 255 0
173 191 244 0
? 106 159 0
148 157 225 0
99 142 209 0
127 158 227 0
97 101 154 0
165 ? 231 0
61 121 181 0
62 107 158 0
119 135 ? 0
132 170 224 0
178 186 245 0
122 165 216 0
45 98 155 0
116 168 234 0
125 158 214 0
111 151 209 0
122 154 220 0
38 65 122 0
151 178 235 0
46 101 152 0
149 ? 251 0
56 102 149 0
162 190 254 0
57 107 159 0
124 164 217 0
174 ? 231 0
155 173 238 0
60 78 141 0
111 152 215 0
117 151 205 0
101 155 226 0
150 188 253 0
59 120 182 0
201 210 253 0
159 190 245 0
120 121 179 0
96 147 220 0
120 153 222 0
? 96 150 0
56 97 146 0
? 166 231 0
59 123 187 0
108 142 202 0
84 90 133 0
? 115 168 0
112 156 217 0
51 93 140 0
125 ? 227 0
142 179 229 0
167 185 232 0
127 156 ? 0
165 179 231 0
99 146 220 0
78 86 126 0
92 136 220 0
147 167 222 0
173 189 236 0
106 156 222 0
63 124 186 0
52 106 161 0
46 108 172 0
75 87 123 0
88 92 141 0
122 125 ? 0
200 210 250 0
107 138 199 0
95 ? 221 0
72 78 125 0
131 162 231 0
64 126 197 0
154 164 228 0
135 175 224 0
94 140 218 0
160 175 224 0
202 212 ? 0
104 146 ? 0
66 81 143 0
55 116 182 0
82 137 218 0
117 129 187 0
109 149 208 0
104 126 154 0
109 147 211 0
53 106 ? 0
64 111 167 0
105 152 226 0
127 141 199 0
98 147 223 0
98 144 222 0
? 155 221 0
156 175 220 0
164 182 235 0
90 143 223 0
148 ? 253 0
100 137 197 0
147 189 254 0
55 120 189 0
75 90 129 0
? 211 251 0
187 204 247 0
? 149 213 0
73 84 122 0
148 189 251 0
153 189 227 0
149 186 255 0
56 124 189 0
125 158 227 0
55 101 149 0
145 180 223 0
166 180 ? 0
83 89 130 0
78 84 131 0
44 103 159 0
113 152 220 0
48 ? 156 0
82 85 129 0
71 80 124 0
123 126 181 0
95 99 152 0
64 123 192 0
48 106 158 0
98 ? 157 0
148 185 237 0
66 125 187 0
140 162 227 0
64 121 183 0
129 168 220 0
74 80 125 0
96 146 222 0
66 99 148 0
49 106 158 0
118 156 210 0
80 ? 189 0
96 145 221 0
171 185 237 0
107 154 228 0
148 190 255 0
118 153 221 0
45 68 124 0
58 107 163 0
45 70 126 0
87 101 153 0
118 150 223 0
116 151 224 0
111 ? 170 0
129 166 218 0
129 168 220 0
82 91 129 0
? 190 253 0
100 149 223 0
125 171 218 0
117 149 220 0
155 192 254 0
118 124 177 0
106 143 201 0
54 87 136 0
80 ? 127 0
? 133 198 0
58 98 150 0
159 166 229 0
174 187 231 0
57 115 174 0
112 116 ? 0
171 186 235 0
180 196 238 0
49 100 156 0
83 116 189 0
128 170 217 0
110 146 222 0
53 74 136 0
128 167 222 0
197 207 254 0
144 161 224 0
50 103 153 0
169 183 235 0
143 181 246 0
144 182 247 0
210 216 251 0
155 169 228 0
55 118 186 0
56 103 154 0
68 83 139 0
144 183 251 0
? 130 187 0
144 178 224 0
55 93 141 0
50 95 139 0
135 162 ? 0
57 116 172 0
93 99 152 0
60 124 189 0
152 181 238 0
124 157 226 0
108 146 204 0
103 ? 209 0
84 93 130 0
106 157 227 0
200 210 250 0
90 135 216 0
128 159 228 0
151 192 254 0
67 104 178 0
88 114 150 0
170 182 236 0
97 146 220 0
54 103 153 0
98 133 ? 0
0 0 0 0
? 143 219 0
117 146 221 0
107 146 214 0
50 69 126 0
112 154 ? 0
153 190 252 0
142 182 247 0
102 150 222 0
126 157 226 0
143 168 232 0
149 187 251 0
177 185 244 0
159 179 220 0
173 187 239 0
142 ? 225 0
0 0 0 0
91 ? 221 0
79 95 132 0
38 85 146 0
157 194 255 0
132 134 188 0
149 189 254 0
166 180 233 0
112 138 198 0
203 211 248 0
57 125 192 0
63 103 155 0
57 121 185 0
149 191 250 0
129 ? 216 0
150 190 255 0
94 140 218 0
? 162 226 0
126 166 218 0
112 154 207 0
41 86 130 0
144 170 230 0
0 0 0 0
? 82 122 0
175 189 242 0
53 108 159 0
137 179 226 0
146 164 229 0
173 189 232 0
106 124 183 0
83 92 130 0
? 185 244 0
149 163 229 0
96 129 179 0
159 196 ? 0
125 157 222 0
201 211 251 0
77 ? 127 0
162 182 230 0
? 173 226 0
100 102 156 0
76 112 ? 0
118 170 223 0
48 102 157 0
172 184 232 0
152 190 254 0
53 ? 141 0
157 194 255 0
137 176 228 0
120 122 176 0
123 161 225 0
45 85 133 0
54 104 157 0
61 126 194 0
59 107 159 0
149 191 255 0
98 ? 222 0
140 182 251 0
141 146 201 0
73 81 121 0
130 169 221 0
95 126 189 0
58 78 143 0
128 168 220 0
138 173 ? 0
107 118 176 0
151 174 230 0
94 139 ? 0
129 134 189 0
56 104 156 0
78 117 192 0
? 130 184 0
111 149 213 0
203 212 250 0
119 154 220 0
137 172 222 0
135 168 224 0
148 180 229 0
150 166 232 0
51 105 ? 0
200 209 253 0
87 138 201 0
118 124 177 0
64 103 148 0
102 154 224 0
167 182 231 0
49 110 174 0
150 172 230 0
123 157 216 0
126 160 226 0
171 186 232 0
? 127 182 0
59 110 172 0
51 105 166 0
157 194 255 0
127 ? 219 0
142 180 245 0
96 136 188 0
50 81 132 0
? 174 237 0
45 92 146 0
123 164 213 0
88 132 196 0
79 85 128 0
? 188 231 0
152 188 224 0
53 102 148 0
167 183 225 0
48 102 155 0
54 96 143 0
? 105 169 0
109 149 214 0
104 ? 226 0
? 153 217 0
154 192 255 0
88 120 193 0
138 173 223 0
128 170 ? 0
118 151 214 0
112 115 170 0
154 192 255 0
61 113 166 0
142 166 226 0
115 156 219 0
158 176 237 0
34 85 135 0
44 93 149 0
161 170 234 0
? ? 181 0
111 151 223 0
162 176 225 0
120 153 222 0
165 179 228 0
173 189 235 0
198 211 255 0
75 114 189 0
149 182 231 0
58 98 151 0
121 154 217 0
98 139 201 0
61 114 171 0
52 117 185 0
127 157 222 0
48 106 158 0
142 182 247 0
91 ? 219 0
151 161 225 0
144 188 251 0
75 136 200 0
85 114 181 0
102 121 172 0
123 160 222 0
151 169 234 0
? ? 171 0
153 170 233 0
? 185 244 0
141 159 218 0
138 174 220 0
80 89 127 0
132 177 244 0
39 90 153 0
151 189 253 0
159 175 221 0
118 151 220 0
96 133 183 0
148 191 254 0
143 159 225 0
81 90 127 0
164 179 235 0
145 178 241 0
154 167 ? 0
141 139 198 0
145 158 226 0
112 150 214 0
152 190 254 0
82 110 181 0
67 82 121 0
140 167 224 0
? 121 174 0
69 92 138 0
159 195 255 0
155 190 230 0
100 135 191 0
126 154 208 0
38 95 146 0
97 101 152 0
52 87 143 0
151 189 253 0
77 105 139 0
53 98 149 0
105 153 225 0
160 196 255 0
110 155 ? 0
165 177 231 0
50 ? 176 0
93 97 150 0
152 166 232 0
137 172 222 0
139 181 252 0
127 170 219 0
139 166 230 0
166 179 225 0
80 118 196 0
172 187 233 0
200 211 255 0
64 126 196 0
118 ? 220 0
76 82 127 0
? 161 224 0
153 189 225 0
150 188 252 0
50 94 141 0
131 155 221 0
152 192 255 0
92 141 215 0
115 127 197 0
? 182 238 0
62 111 173 0
111 155 208 0
106 131 165 0
149 186 254 0
149 166 215 0
47 71 123 0
? 179 244 0
132 ? 216 0
112 158 229 0
97 127 182 0
140 165 221 0
71 128 190 0
76 ? 131 0
165 171 230 0
162 196 255 0
174 188 240 0
111 151 210 0
95 141 218 0
83 89 130 0
? 175 220 0
54 96 143 0
148 155 212 0
146 157 219 0
114 118 169 0
52 93 142 0
98 146 224 0
126 169 220 0
93 99 152 0
171 186 232 0
61 110 172 0
133 169 215 0
159 196 254 0
148 158 222 0
150 188 218 0
101 139 197 0
129 166 ? 0
68 129 193 0
57 115 180 0
73 88 127 0
52 111 173 0
0 0 0 0
59 117 176 0
127 150 218 0
43 66 128 0
146 164 229 0
164 183 228 0
40 100 154 0
156 175 220 0
47 99 152 0
205 216 254 0
166 187 248 0
199 210 254 0
76 92 129 0
142 164 229 0
150 188 252 0
44 84 126 0
151 169 234 0
151 192 255 0
60 123 197 0
113 144 205 0
57 121 185 0
151 189 253 0
203 211 251 0
103 140 192 0
166 183 239 0
172 186 239 0
205 215 255 0
153 188 251 0
171 185 237 0
? 170 226 0
139 178 230 0
135 147 211 0
117 149 215 0
109 150 213 0
43 99 148 0
147 170 218 0
106 148 217 0
139 166 ? 0
47 92 143 0
118 156 ? 0
171 184 230 0
99 146 ? 0
144 178 224 0
164 180 233 0
169 183 236 0
153 165 229 0
58 118 188 0
70 91 129 0
157 177 218 0
120 160 225 0
164 180 ? 0
111 151 210 0
40 98 150 0
58 104 158 0
99 147 225 0
54 92 140 0
54 100 164 0
80 89 127 0
96 151 224 0
145 151 216 0
128 ? 220 0
93 142 220 0
? 155 224 0
127 158 227 0
117 155 220 0
90 145 214 0
130 169 221 0
58 126 193 0
135 168 213 0
197 210 255 0
94 140 217 0
147 183 231 0
146 163 226 0
204 215 255 0
172 183 233 0
51 94 143 0
167 180 236 0
97 132 196 0
104 108 161 0
56 110 163 0
153 ? 255 0
52 103 165 0
117 123 176 0
47 91 138 0
130 169 221 0
43 67 125 0
157 166 230 0
144 179 229 0
61 ? ? 0
145 186 249 0
114 150 214 0
119 156 224 0
72 121 177 0
57 119 183 0
60 120 180 0
45 89 136 0
129 167 225 0
? 186 251 0
128 160 226 0
175 191 238 0
109 152 215 0
99 144 225 0
169 185 238 0
159 196 230 0
99 148 224 0
47 ? 140 0
87 116 185 0
160 178 225 0
99 135 205 0
95 101 148 0
102 137 203 0
139 179 228 0
51 103 169 0
48 89 ? 0
151 189 253 0
171 190 247 0
69 78 122 0
50 105 148 0
119 155 215 0
44 90 137 0
201 213 255 0
131 162 231 0
142 147 202 0
202 212 252 0
147 167 232 0
129 155 225 0
171 185 238 0
43 96 147 0
75 83 123 0
154 192 255 0
97 144 225 0
140 162 228 0
? 177 229 0
93 137 214 0
110 158 216 0
39 99 151 0
149 184 247 0
52 97 148 0
103 133 190 0
173 189 235 0
92 144 220 0
124 158 212 0
58 99 148 0
155 196 255 0
101 145 216 0
94 146 222 0
123 161 215 0
? 189 253 0
? 88 137 0
165 185 233 0
144 168 228 0
99 ? 218 0
45 95 137 0
106 153 215 0
112 164 234 0
170 185 234 0
60 115 176 0
63 125 185 0
173 189 232 0
122 155 224 0
126 164 ? 0
184 204 252 0
168 184 226 0
? ? 165 0
132 173 222 0
59 120 186 0
64 121 183 0
130 159 226 0
146 186 251 0
207 215 255 0
123 159 213 0
94 134 187 0
116 151 219 0
135 144 211 0
143 140 ? 0
97 148 221 0
? 138 203 0
100 153 220 0
81 87 128 0
93 99 152 0
51 104 147 0
50 97 149 0
155 194 255 0
64 118 173 0
110 153 210 0
? 177 226 0
155 193 255 0
174 188 241 0
44 104 163 0
124 161 213 0
119 155 215 0
168 184 230 0
127 165 229 0
198 211 255 0
75 83 130 0
123 162 217 0
69 121 181 0
123 126 177 0
117 ? 175 0
? 197 255 0
178 192 ? 0
72 82 122 0
100 148 220 0
69 106 174 0
151 165 231 0
49 107 159 0
125 163 217 0
115 152 220 0
130 161 230 0
114 156 ? 0
172 188 235 0
120 158 212 0
137 183 247 0
153 167 216 0
95 140 221 0
123 154 223 0
152 189 223 0
48 72 130 0
155 194 255 0
96 145 219 0
95 142 216 0
171 183 237 0
121 127 180 0
55 ? 188 0
65 130 199 0
57 116 186 0
96 100 153 0
0 0 0 0
122 127 182 0
146 162 228 0
68 91 137 0
? 144 209 0
174 188 237 0
97 142 223 0
149 187 252 0
138 180 245 0
106 146 ? 0
90 139 201 0
134 160 227 0
67 128 184 0
113 160 228 0
136 173 223 0
193 216 255 0
58 121 189 0
104 143 205 0
90 126 ? 0
47 101 154 0
54 72 131 0
61 117 172 0
125 163 217 0
40 97 153 0
138 178 243 0
152 190 254 0
129 161 227 0
107 113 166 0
112 168 227 0
131 162 231 0
113 150 208 0
76 84 131 0
199 209 249 0
? 85 144 0
154 ? 223 0
122 164 217 0
134 171 223 0
108 141 160 0
118 160 ? 0
150 186 255 0
102 139 207 0
92 102 150 0
49 117 184 0
124 157 226 0
88 102 154 0
96 147 220 0
? 94 141 0
59 116 178 0
118 ? 221 0
97 146 222 0
134 172 220 0
? 118 182 0
93 139 ? 0
102 142 194 0
124 165 228 0
140 164 230 0
198 209 253 0
144 174 223 0
51 98 150 0
170 187 226 0
147 186 254 0
189 200 244 0
169 183 235 0
142 ? 250 0
45 97 ? 0
74 ? 186 0
142 169 233 0
100 148 220 0
? 108 168 0
128 ? 184 0
74 126 192 0
? 180 234 0
140 182 ? 0
149 173 233 0
95 106 158 0
41 70 121 0
80 86 131 0
170 184 233 0
127 169 ? 0
110 130 155 0
196 211 255 0
123 124 180 0
37 90 147 0
100 134 188 0
114 146 199 0
131 162 231 0
79 85 132 0
97 156 228 0
148 187 249 0
134 168 221 0
112 150 215 0
60 107 158 0
57 87 142 0
170 184 237 0
47 72 136 0
107 149 224 0
63 122 184 0
154 171 220 0
115 147 ? 0
101 143 210 0
60 117 178 0
205 215 255 0
78 83 ? 0
? 189 235 0
165 170 233 0
155 192 254 0
169 184 233 0
119 160 222 0
102 108 ? 0
161 177 ? 0
0 0 0 0
152 190 254 0
137 174 230 0
78 87 131 0
54 91 141 0
104 154 220 0
? 152 221 0
171 184 230 0
132 176 240 0
114 152 210 0
161 177 224 0
116 147 222 0
72 79 122 0
123 159 219 0
200 212 254 0
172 ? 231 0
81 120 195 0
113 116 171 0
161 192 255 0
52 94 141 0
91 137 214 0
139 181 228 0
73 115 192 0
145 162 218 0
102 151 221 0
158 186 233 0
161 ? 233 0
? 132 190 0
151 188 250 0
97 152 225 0
91 140 ? 0
96 141 215 0
171 185 233 0
132 170 218 0
123 159 219 0
95 140 221 0
94 98 149 0
97 137 190 0
36 ? 142 0
155 169 235 0
136 133 188 0
177 192 238 0
102 145 202 0
103 156 223 0
91 117 171 0
? 95 152 0
98 148 220 0
165 179 228 0
42 94 154 0
69 88 126 0
125 164 216 0
121 124 179 0
112 156 209 0
84 93 131 0
52 105 162 0
110 153 210 0
130 161 230 0
121 157 221 0
137 177 ? 0
174 ? 236 0
149 185 255 0
142 182 247 0
0 0 0 0
55 109 169 0
81 110 177 0
102 139 213 0
103 143 202 0
0 0 0 0
65 132 193 0
49 100 162 0
134 161 228 0
125 159 218 0
161 174 226 0
52 102 160 0
202 214 255 0
50 95 146 0
59 106 157 0
78 115 189 0
96 150 221 0
154 ? 234 0
154 167 223 0
55 105 157 0
153 ? 255 0
50 97 151 0
44 ? 149 0
117 150 223 0
53 109 168 0
160 176 229 0
89 133 217 0
130 168 222 0
114 158 219 0
121 151 206 0
165 179 228 0
104 145 218 0
94 98 149 0
53 95 142 0
85 94 131 0
109 149 208 0
92 121 190 0
136 170 224 0
0 0 0 0
124 158 217 0
? 152 206 0
181 191 238 0
101 138 190 0
154 171 222 0
50 102 148 0
117 159 ? 0
158 196 254 0
139 175 221 0
56 75 132 0
128 169 224 0
156 175 220 0
163 177 230 0
95 142 216 0
91 144 217 0
166 ? 232 0
125 157 222 0
150 174 234 0
122 158 228 0
126 128 182 0
101 148 222 0
125 156 217 0
152 190 232 0
106 141 207 0
198 209 253 0
50 92 139 0
58 113 ? 0
102 151 225 0
105 144 212 0
84 119 192 0
50 105 150 0
114 ? 213 0
117 160 211 0
158 194 255 0
63 99 147 0
52 98 146 0
105 112 167 0
123 155 221 0
106 141 207 0
154 163 220 0
87 108 146 0
49 104 149 0
110 141 216 0
144 ? 197 0
42 ? 152 0
86 103 154 0
56 103 157 0
116 154 212 0
120 ? 212 0
146 189 252 0
89 135 213 0
172 188 241 0
130 169 221 0
108 141 210 0
58 119 185 0
124 162 216 0
122 155 211 0
99 138 206 0
100 149 219 0
? 153 223 0
148 181 231 0
97 144 218 0
52 111 161 0
172 186 239 0
122 166 213 0
84 92 145 0
50 68 ? 0
128 177 233 0
150 187 255 0
149 172 234 0
45 99 159 0
146 167 229 0
143 175 228 0
174 190 ? 0
91 135 219 0
116 150 209 0
131 162 231 0
100 143 216 0
47 98 161 0
132 172 224 0
149 192 255 0
93 142 218 0
81 88 127 0
114 161 229 0
170 186 233 0
? 123 178 0
159 176 219 0
42 113 177 0
146 182 228 0
134 174 226 0
152 163 223 0
70 82 130 0
52 94 139 0
54 97 148 0
123 159 219 0
170 191 252 0
53 124 188 0
159 178 235 0
? 122 185 0
97 150 223 0
52 106 167 0
141 183 250 0
164 178 227 0
50 107 152 0
100 138 196 0
156 191 231 0
148 190 255 0
132 156 208 0
142 184 255 0
115 117 ? 0
0 0 0 0
131 160 229 0
99 143 ? 0
? 117 176 0
97 139 216 0
74 84 124 0
144 176 ? 0
143 177 231 0
51 93 138 0
123 158 221 0
50 ? 155 0
85 94 132 0
159 194 255 0
163 172 236 0
99 139 191 0
158 195 255 0
77 86 124 0
146 186 251 0
63 125 185 0
48 ? 169 0
152 190 254 0
90 135 216 0
131 176 243 0
108 145 207 0
52 97 148 0
64 93 138 0
83 122 200 0
201 211 251 0
173 187 240 0
151 189 224 0
156 176 231 0
153 187 241 0
84 133 ? 0
119 158 227 0
? 99 145 0
104 108 161 0
132 168 214 0
116 119 174 0
68 95 132 0
170 ? 229 0
56 109 172 0
131 157 217 0
151 189 253 0
50 102 155 0
165 181 227 0
0 0 0 0
131 169 217 0
156 187 240 0
184 200 253 0
? 95 142 0
62 89 139 0
149 192 255 0
50 88 136 0
? 68 126 0
96 135 ? 0
124 167 218 0
155 193 255 0
136 177 226 0
76 79 123 0
121 150 217 0
189 207 254 0
141 168 235 0
130 170 219 0
128 163 219 0
154 168 227 0
110 158 216 0
? ? 219 0
128 172 233 0
120 124 175 0
160 181 242 0
115 156 218 0
? 159 215 0
41 85 139 0
113 ? 219 0
151 190 252 0
123 158 222 0
126 159 215 0
160 175 224 0
141 138 193 0
101 127 164 0
98 135 185 0
193 206 ? 0
144 185 248 0
110 153 ? 0
176 190 242 0
166 183 232 0
173 189 236 0
84 ? 130 0
57 97 ? 0
102 150 222 0
150 172 230 0
116 143 170 0
150 188 ? 0
98 122 152 0
142 184 253 0
0 0 0 0
79 85 128 0
149 181 230 0
103 141 205 0
159 177 ? 0
120 157 219 0
168 182 234 0
162 179 236 0
162 171 235 0
101 135 194 0
93 139 216 0
148 188 253 0
116 155 224 0
100 138 196 0
161 175 224 0
165 179 232 0
126 158 224 0
? 184 247 0
62 79 130 0
162 182 239 0
141 ? 225 0
104 124 189 0
128 166 214 0
104 141 193 0
78 ? 127 0
50 92 139 0
80 112 ? 0
? 71 136 0
70 135 203 0
111 153 220 0
82 121 195 0
112 154 221 0
152 190 255 0
95 148 221 0
70 124 187 0
57 117 177 0
52 106 166 0
69 84 146 0
87 140 221 0
51 102 164 0
161 184 240 0
148 188 253 0
174 189 238 0
123 156 219 0
58 99 148 0
106 149 206 0
147 180 230 0
52 120 195 0
126 161 217 0
169 183 236 0
65 96 149 0
117 164 226 0
124 156 222 0
126 151 177 0
153 172 217 0
150 188 252 0
168 182 235 0
170 185 231 0
158 ? 222 0
42 100 149 0
158 176 229 0
59 130 194 0
126 ? 222 0
104 148 225 0
61 121 191 0
161 174 226 0
152 ? 229 0
90 143 223 0
129 160 229 0
201 211 251 0
109 149 214 0
129 160 229 0
43 ? 136 0
77 91 127 0
138 166 226 0
? 71 128 0
74 82 122 0
156 171 233 0
173 188 237 0
60 122 192 0
54 95 144 0
175 189 241 0
96 145 219 0
? ? 145 0
98 145 219 0
45 96 159 0
102 142 201 0
169 184 230 0
137 146 213 0
62 109 171 0
53 115 186 0
154 173 234 0
133 173 222 0
150 ? 251 0
114 149 212 0
122 156 222 0
? 108 161 0
121 132 190 0
114 153 208 0
133 174 223 0
95 143 221 0
121 124 179 0
173 187 240 0
100 150 222 0
46 95 139 0
? 179 223 0
48 111 179 0
178 189 241 0
72 88 134 0
47 92 143 0
153 177 237 0
43 96 153 0
100 105 154 0
133 163 228 0
119 159 218 0
53 94 143 0
143 168 230 0
166 187 248 0
133 173 221 0
64 120 175 0
58 113 164 0
145 188 ? 0
71 83 123 0
97 146 226 0
146 179 224 0
? 102 164 0
144 160 ? 0
0 0 0 0
63 131 198 0
109 115 168 0
59 126 195 0
170 186 232 0
202 212 252 0
49 87 135 0
50 70 128 0
0 0 0 0
152 174 232 0
42 63 108 0
52 104 150 0
131 167 221 0
60 124 182 0
97 101 152 0
139 139 193 0
135 175 223 0
53 111 170 0
0 0 0 0
152 193 255 0
136 166 ? 0
119 154 218 0
151 191 255 0
80 86 127 0
119 154 218 0
174 186 234 0
96 145 215 0
165 181 234 0
102 147 221 0
128 164 218 0
77 85 125 0
69 88 139 0
161 177 223 0
98 143 217 0
103 157 228 0
80 87 130 0
? 177 221 0
113 151 209 0
? 99 145 0
135 161 227 0
118 166 230 0
44 60 119 0
158 194 254 0
52 101 157 0
100 106 159 0
120 131 ? 0
59 102 151 0
175 190 239 0
62 108 162 0
83 115 181 0
141 183 252 0
94 147 220 0
156 193 255 0
? 195 255 0
65 119 180 0
57 105 169 0
127 166 218 0
126 162 226 0
117 150 219 0
59 106 160 0
118 157 226 0
107 149 ? 0
125 160 224 0
51 100 148 0
45 99 159 0
120 159 211 0
126 129 184 0
146 179 229 0
106 147 216 0
92 138 216 0
54 120 185 0
? 120 176 0
143 186 253 0
162 176 228 0
141 184 ? 0
168 181 233 0
141 177 231 0
136 171 221 0
127 166 218 0
102 109 159 0
191 204 250 0
172 186 235 0
146 182 230 0
? 142 215 0
153 170 221 0
90 135 216 0
97 147 219 0
0 0 0 0
144 183 252 0
150 165 227 0
180 196 ? 0
0 0 0 0
46 95 141 0
57 124 193 0
148 173 237 0
125 160 224 0
173 187 240 0
0 0 0 0
79 115 185 0
77 110 179 0
62 121 193 0
96 100 151 0
160 176 223 0
121 154 223 0
? 103 155 0
137 169 222 0
148 191 254 0
150 ? 252 0
43 104 160 0
116 154 212 0
119 156 218 0
150 188 252 0
145 163 228 0
51 96 153 0
94 139 220 0
83 90 129 0
61 111 169 0
53 92 137 0
59 79 134 0
93 138 225 0
193 206 252 0
92 143 223 0
58 111 174 0
120 153 222 0
127 166 218 0
46 100 153 0
143 163 228 0
124 159 227 0
79 85 130 0
0 0 0 0
105 153 225 0
? 187 251 0
160 176 229 0
94 143 217 0
155 195 254 0
55 114 176 0
152 ? 254 0
146 186 251 0
107 148 217 0
155 164 228 0
116 149 199 0
153 186 235 0
146 158 222 0
106 144 208 0
153 191 255 0
151 189 231 0
146 186 251 0
61 125 190 0
149 187 251 0
140 ? ? 0
103 157 222 0
123 126 181 0
? 183 222 0
85 135 207 0
99 146 220 0
50 107 158 0
153 190 234 0
36 84 150 0
139 178 230 0
118 170 230 0
132 163 218 0
154 192 255 0
96 124 189 0
113 150 208 0
74 86 126 0
49 ? 161 0
155 193 ? 0
80 87 126 0
105 154 222 0
159 176 227 0
153 191 255 0
123 154 223 0
48 82 142 0
170 183 239 0
167 183 236 0
152 190 254 0
102 146 223 0
0 0 0 0
196 ? 255 0
49 113 177 0
56 110 170 0
50 106 155 0
74 83 126 0
74 113 191 0
145 ? 237 0
152 190 254 0
118 153 221 0
106 143 201 0
149 185 255 0
46 106 166 0
116 160 219 0
116 157 219 0
102 151 221 0
73 87 135 0
46 107 169 0
98 147 223 0
117 150 ? 0
133 173 225 0
120 142 ? 0
117 151 221 0
131 160 227 0
77 90 128 0
124 157 213 0
150 189 255 0
151 186 ? 0
? 104 155 0
92 98 151 0
109 144 207 0
84 123 192 0
201 210 254 0
108 ? 168 0
? 132 193 0
166 181 ? 0
82 91 129 0
158 195 255 0
117 151 204 0
157 194 255 0
0 0 0 0
50 107 152 0
171 183 237 0
141 181 246 0
0 0 0 0
158 195 255 0
108 155 217 0
52 72 129 0
80 130 196 0
141 ? 225 0
104 143 217 0
90 133 220 0
156 193 255 0
152 189 255 0
109 140 209 0
158 195 255 0
111 115 168 0
56 115 177 0
135 167 220 0
? 190 255 0
100 152 222 0
127 167 220 0
162 178 224 0
168 184 231 0
87 116 185 0
152 190 254 0
117 157 209 0
52 106 159 0
67 124 185 0
128 160 226 0
103 ? 216 0
117 159 212 0
165 182 231 0
67 117 175 0
125 158 227 0
82 114 189 0
50 100 146 0
121 123 177 0
50 104 157 0
167 182 228 0
105 154 222 0
81 90 128 0
54 109 166 0
57 97 145 0
148 187 231 0
157 192 255 0
0 0 0 0
157 194 255 0
166 180 232 0
143 176 239 0
145 154 211 0
162 188 225 0
77 118 191 0
106 ? 225 0
124 164 217 0
131 149 178 0
127 ? 218 0
42 88 135 0
60 77 134 0
0 0 0 0
149 193 254 0
152 190 254 0
? 82 119 0
123 136 204 0
48 96 144 0
58 100 153 0
126 164 212 0
49 105 160 0
152 187 250 0
149 188 255 0
54 106 166 0
145 161 227 0
69 136 199 0
82 118 ? 0
158 195 255 0
47 106 151 0
109 125 192 0
106 153 221 0
53 95 142 0
? 154 222 0
80 89 ? 0
121 165 229 0
122 159 221 0
126 166 219 0
31 82 144 0
153 175 233 0
146 190 251 0
103 147 224 0
174 189 235 0
172 189 ? 0
144 182 230 0
172 190 243 0
121 150 219 0
153 192 254 0
124 131 188 0
98 149 222 0
146 183 ? 0
149 190 253 0
168 182 ? 0
? 0 0 0
109 115 168 0
63 120 176 0
58 102 ? 0
43 97 157 0
159 179 234 0
122 160 214 0
56 121 189 0
40 86 134 0
132 133 189 0
119 153 213 0
83 137 198 0
41 102 164 0
63 116 173 0
? ? 219 0
52 93 142 0
62 119 180 0
115 119 172 0
141 177 ? 0
98 135 219 0
0 0 ? 0
76 124 202 0
119 123 ? 0
204 214 254 0
150 188 ? 0
121 154 223 0
135 176 225 0
128 167 219 0
119 156 216 0
103 156 223 0
102 150 222 0
98 140 207 0
150 188 252 0
194 208 255 0
73 81 121 0
96 143 217 0
120 161 224 0
47 98 161 0
108 157 219 0
130 156 223 0
64 126 186 0
91 119 160 0
? 185 238 0
98 143 200 0
201 212 255 0
99 141 218 0
144 183 252 0
52 107 168 0
70 79 123 0
156 174 233 0
61 122 184 0
80 86 127 0
168 184 230 0
74 87 125 0
140 188 254 0
170 184 232 0
160 181 242 0
40 96 155 0
? 191 255 0
0 0 0 0
86 103 154 0
93 140 214 0
40 58 111 0
51 102 165 0
93 131 195 0
119 169 222 0
182 198 245 0
45 88 139 0
41 94 151 0
114 117 172 0
55 97 144 0
101 138 206 0
152 183 238 0
164 194 241 0
113 167 232 0
150 186 255 0
151 189 253 0
171 186 232 0
106 148 223 0
166 181 227 0
103 137 196 0
131 163 228 0
157 196 255 0
97 140 207 0
72 91 129 0
98 ? 224 0
105 111 164 0
146 164 225 0
144 ? 249 0
114 135 163 0
78 89 127 0
61 123 187 0
114 117 ? 0
75 83 123 0
140 179 231 0
159 195 255 0
138 164 230 0
? 192 255 0
167 181 234 0
175 191 234 0
53 104 160 0
148 186 255 0
81 87 130 0
56 99 148 0
167 181 233 0
156 193 255 0
98 134 204 0
151 ? 235 0
123 162 214 0
97 ? 221 0
80 132 202 0
60 121 185 0
59 118 174 0
96 147 220 0
141 178 240 0
173 193 241 0
104 ? 223 0
? 183 232 0
49 109 169 0
45 66 ? 0
176 191 237 0
102 154 224 0
? 146 212 0
161 180 ? 0
116 153 211 0
115 150 218 0
81 87 132 0
171 187 230 0
127 165 229 0
155 192 250 0
131 162 231 0
0 0 0 0
? 162 228 0
74 90 127 0
54 75 130 0
? 168 222 0
127 158 227 0
168 181 237 0
49 102 152 0
175 190 239 0
82 91 129 0
176 191 237 0
67 82 144 0
198 209 253 0
110 148 220 0
151 189 253 0
108 154 225 0
129 156 223 0
137 177 225 0
48 116 183 0
170 183 229 0
45 94 150 0
106 146 198 0
141 183 250 0
127 166 218 0
? 156 225 0
77 90 128 0
116 155 224 0
? ? 226 0
79 99 146 0
105 142 210 0
118 122 173 0
0 ? 0 0
? 167 219 0
99 146 220 0
119 158 220 0
145 187 ? 0
71 90 135 0
152 190 254 0
133 159 225 0
148 190 255 0
83 92 129 0
50 106 153 0
46 100 153 0
151 189 253 0
152 190 254 0
85 94 132 0
43 85 138 0
162 178 225 0
46 114 181 0
100 ? 227 0
98 138 196 0
156 193 255 0
67 107 160 0
120 161 210 0
42 82 140 0
0 0 0 0
79 114 ? 0
78 97 148 0
49 107 159 0
135 162 218 0
141 171 226 0
48 105 157 0
99 152 225 0
100 160 230 0
120 152 218 0
149 167 228 0
48 62 120 0
127 ? 218 0
148 190 255 0
102 ? 191 0
52 94 141 0
0 0 0 0
54 71 134 0
165 179 228 0
? 207 255 0
76 87 125 0
79 114 178 0
53 85 134 0
101 142 211 0
144 171 228 0
155 193 255 0
148 188 253 0
99 134 190 0
? 194 255 0
105 144 212 0
131 172 221 0
120 155 ? 0
48 89 138 0
149 187 255 0
70 97 134 0
155 193 225 0
143 160 217 0
98 145 219 0
79 92 130 0
? 96 144 0
? 127 192 0
125 128 183 0
42 102 154 0
? 156 222 0
45 98 161 0
149 189 254 0
95 144 222 0
114 156 209 0
61 111 171 0
56 104 156 0
149 189 254 0
0 0 0 0
61 119 178 0
? 143 169 0
98 149 222 0
136 ? 190 0
106 153 227 0
0 0 0 0
114 156 223 0
154 190 254 0
? 0 0 0
59 ? 139 0
134 166 219 0
177 193 235 0
95 135 188 0
200 213 255 0
195 214 255 0
175 187 235 0
121 154 223 0
156 173 216 0
99 103 156 0
118 150 215 0
76 90 138 0
176 192 239 0
105 155 221 0
115 153 217 0
81 116 190 0
119 140 168 0
102 136 189 0
171 185 233 0
123 152 221 0
? 193 255 0
149 186 220 0
0 0 0 0
35 80 123 0
162 176 228 0
103 150 224 0
? 149 224 0
150 188 252 0
98 144 222 0
98 145 226 0
48 101 164 0
174 188 241 0
137 177 229 0
156 194 255 0
151 187 227 0
88 116 147 0
153 188 222 0
107 144 202 0
117 156 218 0
105 147 214 0
? 130 194 0
114 141 168 0
57 ? 158 0
69 127 193 0
144 184 249 0
42 ? 156 0
165 179 231 0
122 153 222 0
82 112 183 0
151 168 217 0
72 80 120 0
44 100 149 0
41 82 121 0
144 177 227 0
106 137 198 0
77 85 ? 0
51 99 157 0
45 96 159 0
0 0 0 0
144 184 249 0
166 180 232 0
112 151 219 0
80 86 129 0
158 178 233 0
42 97 148 0
127 159 225 0
148 166 231 0
90 143 223 0
83 ? 130 0
53 98 155 0
56 102 149 0
102 139 207 0
84 120 184 0
? 161 225 0
145 185 250 0
0 0 0 0
140 185 246 0
130 162 227 0
55 111 170 0
130 173 222 0
53 108 153 0
102 122 163 0
93 146 219 0
118 158 211 0
64 97 147 0
49 70 132 0
157 194 255 0
60 104 157 0
95 ? 219 0
97 150 223 0
124 164 217 0
97 134 184 0
0 0 0 0
57 104 158 0
79 88 132 0
54 107 164 0
111 127 173 0
120 151 220 0
175 189 242 0
133 169 223 0
144 113 90 1
68 69 25 1
127 127 127 1
180 ? 132 1
140 140 86 1
44 46 24 1
? 177 136 1
198 196 156 1
209 212 203 1
179 180 140 1
59 60 34 1
152 155 110 1
178 177 133 1
34 35 9 1
1 2 0 1
153 154 104 1
181 178 134 1
143 163 20 1
178 176 128 1
? 33 7 1
107 80 66 1
149 151 99 1
199 197 163 1
173 172 122 1
39 88 80 1
71 74 24 1
175 173 125 1
8 9 ? 1
177 177 131 1
138 139 89 1
29 44 30 1
245 250 249 1
88 86 32 1
178 178 132 1
49 50 ? 1
176 174 126 1
186 188 169 1
195 194 156 1
172 171 121 1
6 10 0 1
109 ? 64 1
58 62 21 1
164 ? 113 1
137 149 155 1
? 53 209 1
201 200 162 1
179 176 ? 1
73 74 178 1
140 139 89 1
0 3 182 1
115 116 66 1
167 164 119 1
51 52 18 1
96 94 60 1
33 34 ? 1
? 197 ? 1
119 124 122 1
147 145 91 1
130 132 90 1
220 113 140 1
94 98 93 1
1 1 1 1
57 58 18 1
46 45 11 1
1 5 0 1
62 27 247 1
128 132 91 1
26 26 2 1
172 171 121 1
136 136 136 1
180 177 133 1
34 35 33 1
73 ? 30 1
165 161 112 1
62 62 62 1
104 103 52 1
30 30 16 1
232 161 98 1
? 0 1 1
180 178 137 1
54 55 21 1
205 204 170 1
183 180 136 1
113 116 67 1
15 14 10 1
171 170 ? 1
197 195 160 1
175 173 125 1
196 194 159 1
119 120 58 1
5 ? 3 1
77 76 ? 1
170 168 120 1
40 96 75 1
119 170 32 1
108 148 120 1
61 62 20 1
100 31 14 1
119 118 60 1
15 14 0 1
51 51 15 1
32 68 51 1
199 198 164 1
16 14 3 1
26 208 254 1
184 181 136 1
182 179 134 1
181 177 129 1
181 178 134 1
192 191 153 1
198 198 162 1
29 51 39 1
188 181 131 1
210 169 214 1
96 63 47 1
4 4 0 1
202 200 165 1
61 62 23 1
? 219 255 1
142 77 102 1
199 197 163 1
215 227 233 1
255 0 0 1
201 200 162 1
185 182 137 1
51 53 17 1
53 55 19 1
164 163 113 1
67 68 29 1
153 155 113 1
121 120 94 1
68 69 25 1
52 54 18 1
0 0 ? 1
135 133 79 1
210 161 215 1
198 198 158 1
175 143 102 1
0 133 254 1
127 126 68 1
146 148 ? 1
166 168 116 1
194 193 155 1
? 193 158 1
164 162 108 1
171 170 120 1
? 70 28 1
6 5 1 1
184 178 133 1
31 32 6 1
54 54 18 1
17 16 2 1
209 173 55 1
117 117 57 1
149 151 105 1
140 139 81 1
78 143 117 1
20 18 7 1
129 127 ? 1
255 255 255 1
231 ? 76 1
59 114 255 1
4 1 3 1
183 180 135 1
7 7 1 1
24 24 12 1
? 58 19 1
163 161 107 1
192 192 152 1
182 179 ? 1
55 56 22 1
129 132 87 1
0 128 0 1
55 57 15 1
172 171 121 1
15 ? 0 1
103 104 48 1
49 50 10 1
146 91 214 1
179 177 129 1
4 4 0 1
37 36 8 1
22 185 253 1
147 92 215 1
181 175 132 1
176 ? 126 1
167 164 120 1
19 252 255 1
199 ? 162 1
191 186 137 1
188 185 147 1
173 173 127 1
94 93 42 1
128 92 255 1
71 ? 27 1
182 179 135 1
181 178 133 1
54 55 21 1
53 57 22 1
129 131 89 1
178 175 131 1
19 25 20 1
39 42 10 1
132 134 75 1
69 71 41 1
53 53 35 1
27 27 ? 1
91 202 248 1
197 195 160 1
57 57 17 1
158 157 101 1
? 152 106 1
50 ? 0 1
195 193 152 1
20 37 26 1
23 23 11 1
173 162 118 1
129 82 180 1
79 81 52 1
47 45 44 1
? 194 156 1
13 13 7 1
201 200 162 1
22 16 3 1
202 199 161 1
175 173 125 1
14 12 1 1
32 31 11 1
83 55 215 1
181 179 138 1
177 174 130 1
199 197 163 1
106 94 106 1
2 1 0 1
136 134 80 1
94 87 54 1
56 58 22 1
? 181 133 1
178 175 131 1
49 51 15 1
20 19 0 1
162 160 112 1
1 163 245 1
183 182 138 1
64 64 16 1
69 71 25 1
196 195 157 1
139 141 89 1
173 173 127 1
167 163 114 1
183 180 135 1
196 195 157 1
183 179 138 1
60 59 45 1
164 170 135 1
177 177 129 1
160 162 116 1
201 199 164 1
39 46 19 1
180 177 133 1
202 200 165 1
57 54 46 1
163 161 113 1
173 172 122 1
199 197 162 1
162 166 131 1
119 118 60 1
197 195 160 1
127 130 75 1
179 174 135 1
201 ? 73 1
168 166 112 1
89 28 14 1
148 151 106 1
164 164 116 1
183 179 138 1
165 164 114 1
32 33 7 1
145 146 96 1
56 55 41 1
33 0 139 1
186 185 141 1
195 194 150 1
240 205 172 1
163 162 112 1
52 54 18 1
53 54 20 1
168 165 114 1
189 140 102 1
200 198 158 1
205 ? 170 1
57 58 18 1
195 195 155 1
197 196 158 1
178 178 130 1
184 182 141 1
3 1 ? 1
205 203 169 1
115 114 80 1
86 89 34 1
35 35 5 1
132 135 90 1
197 196 158 1
97 96 45 1
75 79 37 1
179 176 132 1
27 30 15 1
181 178 134 1
51 50 ? 1
175 175 127 1
82 43 252 1
179 177 129 1
? 174 132 1
49 56 19 1
199 197 162 1
161 158 113 1
181 179 131 1
172 171 121 1
156 159 120 1
154 156 104 1
178 178 132 1
136 139 90 1
? 141 89 1
53 52 24 1
43 2 0 1
174 174 128 1
202 143 194 1
199 ? 164 1
180 178 137 1
173 ? 157 1
136 139 90 1
179 178 134 1
37 37 7 1
17 21 10 1
198 198 158 1
134 137 92 1
191 186 137 1
181 181 133 1
15 14 0 1
60 106 93 1
0 135 103 1
34 30 19 1
180 178 137 1
182 182 136 1
54 56 20 1
195 193 163 1
179 176 131 1
199 198 160 1
12 46 35 1
178 176 ? 1
9 146 54 1
102 64 164 1
136 139 ? 1
164 160 112 1
134 131 ? 1
35 35 5 1
? 4 6 1
173 ? 132 1
? 173 128 1
136 138 92 1
152 153 109 1
182 179 134 1
139 138 82 1
59 63 22 1
255 128 0 1
178 176 ? 1
179 176 132 1
255 128 0 1
54 55 21 1
185 181 140 1
110 231 251 1
35 37 7 1
94 98 87 1
20 18 0 1
175 173 125 1
198 198 158 1
161 164 125 1
253 255 255 1
0 1 0 1
148 149 99 1
? 172 ? 1
13 13 1 1
? 180 132 1
56 61 22 1
24 33 23 1
175 173 125 1
157 161 ? 1
151 150 ? 1
74 71 20 1
191 191 151 1
105 95 95 1
180 177 ? 1
3 1 1 1
57 55 45 1
178 179 137 1
142 142 94 1
3 4 2 1
201 200 162 1
? 147 155 1
251 253 253 1
166 167 117 1
0 15 134 1
200 124 71 1
152 153 103 1
25 25 1 1
170 ? 116 1
54 55 21 1
136 137 98 1
164 166 130 1
27 27 15 1
199 197 162 1
101 102 46 1
163 ? 113 1
139 142 93 1
45 95 85 1
11 9 8 1
167 164 113 1
183 181 133 1
175 173 125 1
179 176 132 1
41 93 63 1
179 177 129 1
81 80 36 1
73 71 ? 1
159 162 117 1
139 142 93 1
159 157 103 1
64 64 64 1
53 54 20 1
177 174 129 1
35 38 22 1
24 23 3 1
38 42 7 1
172 142 95 1
174 174 128 1
113 215 210 1
47 48 22 1
156 155 99 1
170 169 119 1
136 138 92 1
146 157 209 1
171 170 120 1
158 164 115 1
58 59 17 1
201 200 162 1
180 176 128 1
55 56 22 1
186 184 144 1
205 203 172 1
117 116 58 1
31 32 ? 1
136 139 90 1
152 149 98 1
116 115 59 1
192 76 45 1
35 34 8 1
173 172 128 1
170 178 131 1
56 ? ? 1
139 140 100 1
158 156 102 1
138 141 92 1
157 161 125 1
189 187 147 1
175 170 131 1
177 175 127 1
192 191 153 1
35 52 48 1
177 174 129 1
164 160 112 1
77 127 125 1
174 ? 128 1
247 251 252 1
167 163 114 1
174 173 129 1
238 200 166 1
182 179 134 1
177 174 129 1
46 90 59 1
146 143 112 1
64 66 24 1
38 33 18 1
176 174 126 1
197 195 160 1
80 53 203 1
10 9 5 1
181 178 134 1
181 179 131 1
147 87 71 1
0 255 255 1
184 180 139 1
4 3 ? 1
172 171 121 1
194 193 155 1
85 34 14 1
? 250 250 1
52 104 255 1
169 171 125 1
182 179 135 1
163 162 112 1
67 69 33 1
80 83 33 1
142 141 85 1
35 34 8 1
18 ? 40 1
168 165 114 1
0 0 0 1
174 173 123 1
156 160 125 1
39 38 28 1
187 187 147 1
182 179 135 1
152 151 95 1
0 255 255 1
186 184 144 1
153 ? 104 1
177 178 136 1
154 160 125 1
5 6 0 1
132 130 122 1
190 178 120 1
3 2 0 1
190 191 147 1
47 49 30 1
100 92 157 1
95 55 13 1
? 62 22 1
31 30 4 1
8 9 0 1
53 56 11 1
45 45 27 1
22 16 ? 1
58 127 124 1
182 178 137 1
165 163 115 1
142 168 132 1
175 172 127 1
181 178 133 1
58 60 24 1
51 62 42 1
19 17 0 1
59 21 233 1
180 178 130 1
79 35 ? 1
160 165 126 1
177 175 127 1
246 251 250 1
181 178 134 1
176 172 123 1
199 197 162 1
196 195 ? 1
153 156 110 1
56 61 22 1
116 115 59 1
164 163 112 1
198 194 159 1
176 174 126 1
105 119 232 1
151 152 102 1
176 175 124 1
132 132 78 1
172 170 122 1
173 173 127 1
22 20 2 1
210 169 214 1
255 244 244 1
137 149 155 1
178 178 132 1
42 43 41 1
112 214 209 1
48 50 14 1
175 176 132 1
85 83 ? 1
198 195 164 1
56 57 23 1
138 139 89 1
110 106 ? 1
? 75 61 1
205 203 173 1
31 24 128 1
36 33 18 1
180 179 135 1
170 166 118 1
91 90 40 1
112 113 63 1
99 ? 51 1
178 177 126 1
174 174 128 1
196 194 159 1
67 69 27 1
210 219 223 1
183 ? 133 1
168 166 112 1
37 34 19 1
201 200 162 1
171 170 120 1
62 84 219 1
173 168 119 1
172 171 121 1
138 157 18 1
109 109 55 1
180 180 132 1
181 178 134 1
0 1 0 1
181 175 134 1
182 179 135 1
156 159 113 1
15 14 0 1
148 151 102 1
142 136 93 1
199 197 157 1
186 185 141 1
67 ? ? 1
173 ? 121 1
12 10 9 1
180 179 135 1
0 249 255 1
54 57 18 1
42 34 34 1
115 117 111 1
179 177 129 1
100 103 53 1
127 127 127 1
? 172 124 1
0 9 161 1
10 10 4 1
200 195 ? 1
180 ? 133 1
0 0 0 1
120 155 105 1
178 177 127 1
184 ? 139 1
53 57 22 1
202 201 163 1
114 115 65 1
196 195 157 1
163 161 126 1
137 140 91 1
141 140 84 1
156 159 110 1
125 132 89 1
146 148 96 1
199 ? 162 1
? 198 158 1
25 93 68 1
1 131 101 1
139 137 83 1
35 34 8 1
181 178 ? 1
174 173 123 1
183 180 135 1
? 160 119 1
0 0 165 1
81 51 204 1
55 77 212 1
161 166 134 1
172 168 120 1
100 97 46 1
202 ? 155 1
163 200 150 1
33 32 22 1
31 29 28 1
202 201 163 1
158 157 101 1
164 163 113 1
182 ? 137 1
136 ? 90 1
44 45 11 1
56 61 22 1
105 102 ? 1
85 89 ? 1
184 185 141 1
179 177 129 1
255 255 255 1
? 57 31 1
16 161 52 1
138 138 92 1
59 61 25 1
177 175 ? 1
30 255 239 1
239 201 167 1
174 172 124 1
178 175 130 1
76 79 30 1
167 165 111 1
114 97 108 1
167 163 114 1
47 45 ? 1
90 87 36 1
4 1 0 1
62 46 237 1
164 168 133 1
163 162 111 1
151 154 105 1
180 171 138 1
255 0 128 1
186 186 ? 1
170 162 122 1
37 109 86 1
100 201 199 1
180 177 132 1
35 34 8 1
149 87 163 1
140 138 84 1
79 180 235 1
158 156 102 1
133 133 133 1
0 0 0 1
89 186 242 1
191 190 152 1
188 186 145 1
132 162 57 1
133 133 103 1
59 58 44 1
177 175 127 1
148 151 102 1
187 186 142 1
23 28 19 1
183 179 138 1
49 49 37 1
50 50 36 1
163 161 113 1
40 71 62 1
125 226 ? 1
154 174 25 1
61 61 ? 1
85 86 36 1
188 186 146 1
93 194 192 1
178 176 165 1
76 77 27 1
174 175 131 1
194 181 225 1
140 139 88 1
136 140 91 1
153 ? 111 1
109 ? 64 1
14 14 8 1
188 189 145 1
249 239 232 1
15 27 9 1
200 198 163 1
50 49 15 1
91 28 7 1
65 67 45 1
176 173 128 1
23 23 0 1
166 163 112 1
160 186 255 1
255 155 173 1
180 177 132 1
179 176 132 1
79 55 215 1
207 210 218 1
205 204 170 1
35 35 11 1
182 182 136 1
180 177 132 1
161 134 114 1
32 ? 57 1
68 72 31 1
64 66 24 1
176 174 126 1
153 155 109 1
86 132 255 1
228 81 ? 1
106 107 ? 1
60 64 23 1
53 57 ? 1
134 138 89 1
68 68 20 1
188 187 143 1
53 57 22 1
181 ? 134 1
55 56 14 1
149 154 109 1
? 89 37 1
202 200 165 1
142 144 92 1
172 171 121 1
199 197 162 1
83 83 37 1
157 96 218 1
46 162 85 1
152 156 115 1
14 14 0 1
137 140 94 1
166 162 113 1
77 80 31 1
187 187 141 1
160 157 126 1
183 180 135 1
160 159 109 1
183 182 138 1
47 39 169 1
71 74 25 1
172 170 122 1
165 163 115 1
52 52 16 1
54 53 ? 1
162 160 112 1
205 203 169 1
41 0 0 1
178 178 ? 1
109 111 65 1
96 90 53 1
158 162 126 1
199 ? 235 1
136 135 91 1
? 197 162 1
? 18 12 1
255 255 252 1
51 41 237 1
43 44 42 1
162 161 111 1
4 3 0 1
53 52 14 1
155 185 112 1
166 163 112 1
36 161 87 1
198 196 162 1
210 206 217 1
157 156 122 1
51 53 11 1
178 178 132 1
? 167 128 1
54 56 20 1
199 197 163 1
26 61 51 1
? 202 168 1
124 123 ? 1
167 165 117 1
158 157 101 1
128 130 88 1
179 177 129 1
170 169 125 1
0 2 175 1
177 171 128 1
69 71 49 1
17 ? 7 1
54 ? 21 1
62 62 22 1
179 176 132 1
13 15 15 1
201 200 162 1
163 162 112 1
178 176 ? 1
? 145 151 1
178 176 128 1
255 0 128 1
201 199 164 1
90 89 33 1
181 176 137 1
136 153 20 1
152 151 100 1
5 0 2 1
187 186 142 1
199 197 166 1
21 22 18 1
150 172 ? 1
165 161 112 1
87 29 23 1
174 172 124 1
122 108 255 1
66 155 99 1
66 68 22 1
199 197 162 1
23 24 4 1
185 184 140 1
142 140 86 1
158 160 114 1
20 16 0 1
202 201 163 1
137 ? ? 1
199 197 162 1
18 14 3 1
255 255 ? 1
201 200 162 1
166 ? 114 1
180 177 132 1
99 99 45 1
14 11 ? 1
180 179 135 1
176 ? ? 1
198 198 158 1
92 77 31 1
181 181 133 1
62 64 28 1
105 107 78 1
105 106 50 1
173 172 122 1
110 108 74 1
202 200 165 1
181 178 134 1
181 178 134 1
165 164 ? 1
186 185 141 1
51 38 230 1
180 178 130 1
15 13 3 1
227 210 201 1
140 140 86 1
54 54 14 1
54 58 23 1
191 190 146 1
63 61 21 1
100 96 67 1
? 186 152 1
53 53 17 1
174 ? 124 1
52 53 11 1
140 140 86 1
138 139 89 1
172 171 121 1
178 176 128 1
196 195 157 1
255 255 246 1
56 61 22 1
177 176 132 1
54 55 21 1
150 152 100 1
49 50 11 1
? 202 168 1
164 163 112 1
139 142 93 1
20 17 2 1
16 14 3 1
176 174 ? 1
107 210 205 1
20 17 2 1
0 2 0 1
202 200 165 1
5 ? 1 1
176 173 128 1
177 176 126 1
129 128 72 1
192 188 147 1
? 54 ? 1
198 198 158 1
195 194 156 1
165 154 174 1
142 140 92 1
182 178 137 1
154 140 88 1
234 243 ? 1
149 147 117 1
? 174 126 1
178 ? 128 1
? ? 152 1
173 168 119 1
195 191 156 1
137 137 89 1
136 139 90 1
165 164 114 1
53 56 24 1
172 169 131 1
178 175 131 1
127 129 87 1
64 62 22 1
61 66 27 1
156 155 99 1
182 179 135 1
62 64 22 1
59 136 255 1
180 177 133 1
? ? 86 1
181 178 134 1
153 156 111 1
191 189 149 1
93 68 250 1
? 172 124 1
127 127 127 1
183 179 138 1
18 44 28 1
255 251 182 1
127 127 133 1
? 4 3 1
180 178 130 1
200 198 ? 1
178 175 131 1
178 175 130 1
179 176 132 1
175 178 128 1
157 159 117 1
0 246 255 1
? 138 90 1
180 179 135 1
70 73 24 1
193 192 154 1
? 85 34 1
201 200 162 1
199 201 209 1
41 9 0 1
199 197 ? 1
186 184 144 1
221 220 230 1
176 171 146 1
67 67 67 1
19 14 0 1
197 197 157 1
7 0 ? 1
202 154 48 1
197 195 155 1
237 119 118 1
164 163 112 1
84 54 213 1
35 37 7 1
93 91 37 1
167 166 115 1
182 179 135 1
145 144 110 1
53 53 53 1
4 4 0 1
173 170 125 1
? 171 121 1
184 182 141 1
79 76 71 1
178 175 131 1
169 169 123 1
51 53 17 1
157 161 125 1
0 0 0 1
62 62 ? 1
55 56 17 1
179 176 131 1
12 13 9 1
175 173 125 1
182 178 137 1
179 176 131 1
179 184 183 1
49 48 38 1
157 162 123 1
163 162 112 1
37 60 38 1
2 3 ? 1
185 ? 140 1
180 ? 137 1
143 142 84 1
87 42 255 1
139 138 88 1
? 78 100 1
110 107 46 1
62 63 21 1
83 85 33 1
193 192 154 1
93 194 192 1
55 56 ? 1
180 180 132 1
176 173 129 1
165 165 119 1
198 108 144 1
35 34 6 1
175 173 125 1
190 190 150 1
181 ? 134 1
83 32 12 1
173 172 122 1
118 119 69 1
133 131 251 1
5 5 0 1
65 68 23 1
35 34 8 1
63 68 23 1
162 161 110 1
164 162 114 1
142 141 85 1
173 172 121 1
147 152 107 1
169 167 119 1
? 166 115 1
2 3 0 1
166 165 114 1
18 49 42 1
184 187 162 1
180 178 137 1
179 176 132 1
61 57 16 1
250 129 ? 1
199 197 ? 1
165 166 116 1
132 132 132 1
180 181 139 1
145 164 23 1
14 15 6 1
197 196 158 1
178 176 128 1
48 49 10 1
236 196 161 1
164 163 112 1
115 143 124 1
170 169 113 1
28 27 1 1
165 164 114 1
94 163 58 1
76 79 30 1
163 162 112 1
34 46 26 1
74 77 32 1
158 157 129 1
156 157 107 1
92 87 148 1
14 69 42 1
? 136 102 1
168 166 112 1
53 55 19 1
34 31 17 1
6 7 0 1
202 93 109 1
3 4 0 1
? 77 169 1
176 179 129 1
24 27 118 1
87 65 243 1
28 25 20 1
182 178 137 1
201 197 156 1
90 30 18 1
156 114 39 1
27 30 15 1
60 156 62 1
179 177 129 1
74 75 31 1
55 56 24 1
63 67 26 1
222 220 220 1
164 163 113 1
55 56 17 1
133 136 91 1
55 59 23 1
180 177 132 1
54 24 231 1
205 204 170 1
131 166 48 1
124 153 107 1
185 184 140 1
152 152 106 1
174 169 124 1
180 177 132 1
182 179 134 1
181 178 134 1
165 169 133 1
71 71 23 1
173 169 120 1
200 198 163 1
165 166 116 1
193 192 154 1
? 81 30 1
180 180 134 1
179 175 134 1
0 255 255 1
182 179 135 1
102 104 58 1
? 124 74 1
165 168 129 1
180 177 133 1
88 32 21 1
226 223 209 1
222 204 197 1
70 56 228 1
54 55 21 1
232 210 205 1
136 139 90 1
155 158 ? 1
153 151 121 1
89 ? 58 1
136 139 90 1
199 197 162 1
31 17 129 1
35 94 86 1
127 0 125 1
90 61 0 1
137 139 103 1
148 151 102 1
156 160 125 1
116 107 63 1
53 58 19 1
59 24 235 1
? 177 ? 1
13 175 254 1
36 108 240 1
199 197 162 1
164 160 112 1
75 78 29 1
129 132 87 1
52 ? 213 1
195 194 156 1
163 162 111 1
93 92 36 1
73 76 30 1
141 142 92 1
168 168 120 1
145 143 89 1
172 170 122 1
61 47 24 1
195 194 156 1
135 136 102 1
95 35 ? 1
21 110 255 1
180 177 132 1
70 74 33 1
67 70 25 1
2 1 3 1
? 170 ? 1
155 163 123 1
196 195 161 1
174 172 124 1
120 114 101 1
200 ? 164 1
222 222 ? 1
199 197 163 1
200 198 163 1
49 55 20 1
89 190 188 1
125 78 86 1
199 197 162 1
122 124 154 1
163 162 112 1
181 178 133 1
4 3 0 1
38 ? 4 1
164 166 120 1
178 175 ? 1
177 173 132 1
163 163 115 1
145 146 96 1
176 174 ? 1
46 48 ? 1
51 53 17 1
189 188 150 1
177 174 123 1
200 198 163 1
163 167 131 1
171 167 119 1
67 68 52 1
80 165 80 1
186 185 141 1
196 195 ? 1
200 198 163 1
76 78 42 1
176 176 146 1
188 186 145 1
131 131 131 1
195 193 152 1
? 184 136 1
? 177 132 1
167 163 115 1
181 181 135 1
178 175 131 1
248 ? 250 1
190 188 147 1
98 98 50 1
245 249 ? 1
225 210 87 1
181 178 133 1
200 ? 199 1
16 19 0 1
30 31 5 1
153 152 101 1
35 34 8 1
235 192 159 1
54 59 20 1
49 ? 49 1
168 165 114 1
0 0 0 1
181 181 133 1
52 54 18 1
200 198 163 1
187 186 148 1
167 163 114 1
7 8 0 1
95 29 11 1
60 64 23 1
189 187 139 1
72 181 233 1
178 176 128 1
1 2 0 1
35 34 ? 1
221 208 206 1
36 33 12 1
0 0 0 1
201 200 162 1
144 142 ? 1
157 163 128 1
0 ? 234 1
191 190 152 1
41 44 42 1
83 81 27 1
173 172 122 1
129 129 129 1
197 196 158 1
172 175 136 1
186 185 141 1
181 179 131 1
178 175 131 1
183 180 135 1
204 203 169 1
201 199 164 1
118 167 35 1
190 187 149 1
97 97 43 1
53 48 239 1
21 23 17 1
138 139 89 1
135 133 79 1
151 154 108 1
16 14 3 1
60 60 20 1
198 198 158 1
174 169 124 1
104 120 233 1
177 174 ? 1
183 181 133 1
56 55 41 1
29 28 8 1
2 0 0 1
175 172 127 1
15 15 3 1
1 0 4 1
140 143 94 1
182 182 136 1
139 139 85 1
164 163 113 1
168 165 114 1
0 0 1 1
68 ? 24 1
144 146 104 1
0 0 0 1
? 171 123 1
136 139 90 1
174 172 124 1
80 48 255 1
62 62 22 1
145 143 219 1
197 195 160 1
81 34 13 1
173 169 120 1
128 130 88 1
0 128 0 1
150 ? 96 1
0 0 0 1
74 78 37 1
255 0 255 1
171 170 119 1
158 162 127 1
64 65 21 1
180 181 137 1
168 169 ? 1
197 195 161 1
180 178 137 1
186 185 141 1
55 61 20 1
199 197 163 1
35 36 26 1
173 170 125 1
? 188 146 1
54 54 18 1
75 75 27 1
201 200 162 1
172 171 121 1
50 55 23 1
175 174 124 1
2 3 0 1
63 68 23 1
201 199 164 1
225 221 ? 1
40 0 144 1
132 133 91 1
55 56 22 1
3 0 4 1
197 195 160 1
81 86 47 1
20 18 17 1
177 175 127 1
178 171 ? 1
178 173 128 1
164 164 116 1
167 163 115 1
182 179 135 1
144 142 88 1
3 2 0 1
165 161 ? 1
196 195 157 1
179 179 143 1
51 53 17 1
64 66 24 1
201 200 162 1
83 ? 20 1
128 132 90 1
174 174 128 1
195 194 156 1
164 164 116 1
1 190 4 1
172 168 117 1
0 193 0 1
177 176 126 1
63 93 64 1
110 109 53 1
195 193 152 1
195 193 153 1
117 ? 58 1
149 58 157 1
201 199 165 1
171 169 121 1
? 99 110 1
172 172 ? 1
199 197 163 1
1 0 2 1
53 57 22 1
54 55 21 1
155 159 118 1
? 177 129 1
24 23 3 1
82 54 207 1
148 150 98 1
142 151 154 1
152 155 110 1
66 74 ? 1
175 176 134 1
162 166 131 1
49 50 11 1
2 0 0 1
119 123 71 1
200 198 164 1
55 53 18 1
171 169 121 1
67 67 19 1
35 0 140 1
141 144 95 1
183 176 127 1
224 224 254 1
236 243 246 1
? 168 121 1
3 15 9 1
54 55 21 1
19 44 18 1
224 207 74 1
216 117 95 1
255 255 255 1
200 225 191 1
126 127 ? 1
132 135 86 1
42 43 4 1
51 52 18 1
? 172 124 1
? 55 41 1
? 177 129 1
52 53 14 1
12 15 13 1
179 180 138 1
166 165 114 1
185 183 135 1
65 67 21 1
16 15 1 1
177 174 129 1
94 53 68 1
154 151 100 1
112 116 57 1
200 198 163 1
102 105 56 1
87 90 35 1
0 24 145 1
54 55 21 1
44 25 136 1
66 66 36 1
201 200 162 1
? 161 112 1
140 143 94 1
183 179 138 1
3 52 214 1
7 176 0 1
15 19 8 1
84 82 58 1
182 179 134 1
166 163 112 1
122 154 105 1
103 103 49 1
140 ? 84 1
164 ? 113 1
179 176 132 1
165 163 115 1
171 170 120 1
187 ? 151 1
29 60 29 1
0 128 0 1
51 53 17 1
122 121 63 1
170 169 119 1
255 0 128 1
150 172 24 1
255 255 255 1
? 130 88 1
? 143 95 1
53 54 20 1
123 ? 76 1
17 13 2 1
163 163 115 1
163 159 118 1
172 170 122 1
227 212 80 1
141 140 89 1
148 149 99 1
55 56 17 1
190 174 162 1
34 33 7 1
183 182 138 1
157 ? ? 1
? 162 124 1
197 196 158 1
24 23 3 1
77 80 31 1
170 169 135 1
62 63 21 1
158 160 114 1
191 190 152 1
171 171 125 1
198 196 161 1
250 254 183 1
40 40 22 1
178 175 131 1
155 154 98 1
? 144 88 1
? 196 161 1
177 174 ? 1
173 170 125 1
181 182 142 1
17 130 20 1
80 83 34 1
51 56 17 1
197 195 160 1
180 177 132 1
154 159 120 1
78 81 32 1
194 192 151 1
135 95 90 1
? 161 95 1
178 175 130 1
187 102 154 1
53 21 234 1
124 127 77 1
71 72 56 1
198 197 159 1
128 131 86 1
8 ? 1 1
3 3 0 1
196 194 153 1
0 191 1 1
35 34 8 1
181 182 140 1
140 143 94 1
165 ? 129 1
20 23 121 1
171 170 120 1
178 176 128 1
144 143 87 1
137 140 101 1
30 30 0 1
198 197 ? 1
182 ? 135 1
63 66 50 1
2 3 0 1
74 82 41 1
132 131 93 1
167 163 114 1
248 250 250 1
57 61 ? 1
179 176 132 1
39 42 10 1
33 34 8 1
? 175 131 1
111 55 30 1
29 77 53 1
33 176 29 1
39 161 83 1
26 24 0 1
26 57 28 1
11 72 52 1
161 160 110 1
8 9 ? 1
202 201 163 1
? 164 116 1
93 89 36 1
60 91 76 1
128 134 ? 1
? 178 132 1
? 99 43 1
206 207 211 1
131 132 93 1
61 64 19 1
80 180 239 1
62 63 19 1
185 182 137 1
58 59 19 1
22 21 11 1
177 174 129 1
159 163 128 1
52 56 21 1
198 198 158 1
162 160 120 1
4 3 0 1
182 ? 135 1
80 89 46 1
182 176 131 1
180 180 134 1
181 181 ? 1
? 104 132 1
146 167 21 1
137 129 253 1
157 161 125 1
15 48 21 1
165 164 114 1
53 57 21 1
77 80 ? 1
74 77 28 1
35 34 8 1
55 59 23 1
12 183 13 1
168 167 117 1
184 179 134 1
198 198 158 1
2 2 ? 1
178 175 131 1
9 8 0 1
55 130 122 1
13 11 1 1
100 97 46 1
248 250 250 1
237 194 161 1
45 46 6 1
54 ? 21 1
203 201 161 1
180 180 140 1
212 ? 208 1
? 75 29 1
223 206 197 1
168 165 120 1
138 137 81 1
174 172 124 1
87 88 38 1
182 178 137 1
53 ? 20 1
175 175 129 1
249 217 212 1
171 170 119 1
? 158 ? 1
54 55 21 1
121 122 72 1
129 132 86 1
195 194 156 1
156 160 119 1
175 170 125 1
204 202 168 1
19 19 13 1
142 146 105 1
138 139 89 1
88 5 0 1
131 132 93 1
53 57 22 1
4 2 0 1
152 156 114 1
138 139 89 1
55 56 ? 1
163 162 112 1
116 112 87 1
147 133 127 1
146 ? 89 1
165 163 115 1
56 54 13 1
181 ? 138 1
189 188 144 1
85 ? 6 1
180 179 135 1
255 225 121 1
179 177 129 1
199 ? 163 1
57 ? 45 1
? 106 66 1
32 53 31 1
158 160 118 1
52 53 19 1
181 180 ? 1
177 ? 120 1
56 63 20 1
163 162 112 1
247 249 249 1
? 55 21 1
78 155 121 1
232 216 80 1
77 112 108 1
61 61 15 1
100 99 108 1
179 173 128 1
244 228 221 1
121 122 72 1
159 160 128 1
172 171 121 1
154 156 104 1
51 ? 17 1
190 188 148 1
151 152 102 1
233 219 220 1
197 195 160 1
183 180 135 1
184 185 141 1
69 71 ? 1
49 53 12 1
? 0 255 1
17 18 9 1
153 ? 104 1
199 198 ? 1
138 139 95 1
178 175 144 1
167 163 114 1
? 10 4 1
20 54 47 1
177 177 131 1
0 0 0 1
172 169 124 1
235 116 101 1
6 12 1 1
144 146 94 1
144 145 111 1
54 54 18 1
39 88 72 1
191 190 152 1
199 197 162 1
139 140 90 1
102 97 158 1
170 167 122 1
? 119 109 1
26 26 2 1
49 49 13 1
65 ? 24 1
43 42 4 1
15 28 136 1
55 48 237 1
122 123 61 1
158 159 115 1
181 179 131 1
167 167 ? 1
? 139 90 1
197 193 158 1
162 164 122 1
128 131 86 1
171 170 119 1
197 196 ? 1
? 21 10 1
187 186 142 1
162 161 111 1
93 71 237 1
157 155 101 1
164 163 112 1
239 243 244 1
198 198 158 1
193 192 154 1
? 189 149 1
180 179 135 1
179 176 132 1
172 142 95 1
150 150 102 1
158 160 118 1
? 240 247 1
55 108 ? 1
180 176 128 1
20 17 2 1
170 168 120 1
106 227 246 1
57 21 ? 1
16 17 8 1
170 168 120 1
92 92 56 1
35 35 5 1
84 82 28 1
176 175 ? 1
145 148 98 1
205 204 170 1
53 54 20 1
182 183 139 1
202 200 166 1
38 38 8 1
200 198 163 1
171 169 121 1
152 150 162 1
? 156 120 1
33 33 3 1
46 46 10 1
57 59 23 1
255 255 255 1
82 182 237 1
85 178 233 1
? 17 11 1
102 121 232 1
22 23 3 1
177 175 127 1
40 224 254 1
55 58 32 1
198 196 162 1
3 1 ? 1
9 9 3 1
171 170 119 1
155 158 126 1
? 47 8 1
? 59 33 1
147 151 ? 1
20 17 2 1
57 57 33 1
176 174 126 1
173 171 123 1
20 20 4 1
53 55 19 1
172 171 121 1
83 49 255 1
197 196 162 1
169 165 124 1
63 64 22 1
163 162 112 1
199 198 160 1
180 ? 132 1
72 75 25 1
163 161 113 1
16 16 0 1
178 175 131 1
202 201 167 1
0 255 255 1
157 156 122 1
34 33 ? 1
178 179 137 1
54 55 21 1
77 80 31 1
156 160 125 1
4 5 3 1
36 37 11 1
163 163 115 1
137 140 138 1
196 192 157 1
134 137 92 1
93 196 191 1
173 174 130 1
177 174 129 1
137 140 91 1
72 72 18 1
90 67 249 1
128 ? 128 1
0 0 0 1
134 135 101 1
? 116 58 1
70 70 ? 1
178 175 131 1
23 17 ? 1
51 55 19 1
? 60 25 1
2 0 0 1
234 192 157 1
? 172 122 1
163 162 112 1
201 200 162 1
33 34 24 1
131 134 95 1
68 71 22 1
? 30 31 1
16 14 3 1
2 2 0 1
4 6 0 1
? 22 148 1
33 0 138 1
0 1 0 1
198 198 158 1
179 174 129 1
164 164 116 1
20 17 3 1
0 0 1 1
? 21 15 1
3 2 0 1
? 0 1 1
179 176 132 1
69 70 26 1
182 180 139 1
22 186 251 1
54 58 22 1
11 12 2 1
154 157 112 1
156 158 122 1
136 139 90 1
178 176 128 1
? 80 26 1
163 162 111 1
71 67 49 1
152 ? 95 1
199 197 163 1
155 158 108 1
196 194 159 1
178 175 130 1
179 176 132 1
190 191 147 1
0 107 252 1
16 77 ? 1
179 177 129 1
179 175 134 1
56 83 217 1
? 175 131 1
136 139 93 1
89 88 62 1
0 ? 3 1
165 ? 114 1
176 ? 131 1
148 150 98 1
16 13 0 1
140 198 140 1
55 48 ? 1
68 69 25 1
14 5 186 1
169 168 134 1
145 143 ? 1
? 40 6 1
179 176 131 1
130 133 88 1
183 180 136 1
? 162 123 1
69 70 26 1
? 179 115 1
20 17 3 1
182 179 135 1
178 176 128 1
97 203 227 1
18 51 36 1
155 157 111 1
171 167 119 1
173 173 125 1
0 255 255 1
114 ? 59 1
201 200 162 1
54 54 18 1
69 71 25 1
140 143 94 1
113 104 91 1
251 ? 195 1
57 61 26 1
6 28 134 1
34 36 7 1
130 139 89 1
63 68 23 1
177 176 126 1
193 191 143 1
68 69 25 1
166 165 115 1
171 171 123 1
169 157 123 1
137 136 86 1
178 177 127 1
199 197 163 1
140 138 84 1
190 190 150 1
33 34 8 1
170 171 131 1
148 149 99 1
41 39 8 1
201 199 164 1
185 187 145 1
199 198 160 1
200 195 ? 1
86 84 53 1
24 21 0 1
201 199 164 1
87 ? 37 1
60 51 37 1
182 179 135 1
104 92 104 1
15 14 0 1
191 192 150 1
30 31 5 1
94 94 40 1
232 215 75 1
149 151 105 1
3 1 0 1
13 7 186 1
60 61 21 1
174 172 124 1
136 139 90 1
6 18 150 1
68 70 24 1
167 165 117 1
53 54 20 1
195 194 150 1
164 166 130 1
202 201 163 1
94 90 37 1
179 176 132 1
22 ? 2 1
53 55 19 1
134 135 85 1
111 232 251 1
49 55 20 1
33 37 26 1
171 170 120 1
178 175 ? 1
157 161 125 1
? 163 115 1
181 112 185 1
? 163 ? 1
121 119 89 1
195 ? 156 1
